<svg width="100%" height="100%" id="svg" viewBox="0 0 1440 390" xmlns="http://www.w3.org/2000/svg" class="transition duration-300 ease-in-out delay-150"><style>
          .path-0{
            animation:pathAnim-0 4s;
            animation-timing-function: linear;
            animation-iteration-count: infinite;
          }
          @keyframes pathAnim-0{
            0%{
              d: path("M 0,400 L 0,60 C 39.97766326937311,76.39641860729944 79.95532653874622,92.79283721459888 118,88 C 156.04467346125378,83.20716278540112 192.15635711438824,57.22506974890394 232,53 C 271.84364288561176,48.77493025109606 315.419245003701,66.30688378978535 352,75 C 388.580754996299,83.69311621021465 418.1666628708079,83.54739509195467 460,75 C 501.8333371291921,66.45260490804533 555.9141035130672,49.503535842395955 602,43 C 648.0858964869328,36.496464157604045 686.176923076923,40.43846153846154 719,40 C 751.823076923077,39.56153846153846 779.3782041792404,34.742618003757904 818,41 C 856.6217958207596,47.257381996242096 906.3102602061151,64.59106644650686 950,63 C 993.6897397938849,61.408933553493135 1031.380754996299,40.89311621021466 1069,30 C 1106.619245003701,19.106883789785346 1144.1667198086889,17.83646871263452 1186,33 C 1227.8332801913111,48.16353128736548 1273.952365768946,79.76100893924728 1317,87 C 1360.047634231054,94.23899106075272 1400.023817115527,77.11949553037635 1440,60 L 1440,400 L 0,400 Z");
            }
            25%{
              d: path("M 0,400 L 0,60 C 27.459496289548113,59.97078612234053 54.918992579096226,59.94157224468105 100,60 C 145.08100742090377,60.05842775531895 207.78352597316325,60.204497143616315 251,51 C 294.21647402683675,41.795502856383685 317.9469035282507,23.24043918085369 350,31 C 382.0530964717493,38.75956081914631 422.428859913834,72.83374613296891 461,74 C 499.571140086166,75.16625386703109 536.3376568164133,43.4245762872706 585,45 C 633.6623431835867,46.5754237127294 694.2205128205127,81.46794871794872 732,81 C 769.7794871794873,80.53205128205128 784.7802919015355,44.70362884093455 824,46 C 863.2197080984645,47.29637115906545 926.6583195733456,85.7175359183131 977,86 C 1027.3416804266544,86.2824640816869 1064.5864298050826,48.42622748581297 1093,40 C 1121.4135701949174,31.573772514187027 1140.995961206324,52.57755413843497 1184,55 C 1227.004038793676,57.42244586156503 1293.4297253696218,41.26355596044715 1340,39 C 1386.5702746303782,36.73644403955285 1413.285137315189,48.368222019776425 1440,60 L 1440,400 L 0,400 Z");
            }
            50%{
              d: path("M 0,400 L 0,60 C 34.46114843705517,55.68150752528991 68.92229687411034,51.36301505057982 114,45 C 159.07770312588966,38.63698494942018 214.77196094061372,30.229447322970636 250,40 C 285.2280390593863,49.770552677029364 299.9898593634345,77.71919565753764 339,83 C 378.0101406365655,88.28080434246236 441.2686016056483,70.89377004687886 483,54 C 524.7313983943517,37.106229953121144 544.9357342139725,20.705724154946957 586,30 C 627.0642657860275,39.29427584505304 688.9884615384616,74.28333333333332 736,79 C 783.0115384615384,83.71666666666668 815.1104196321812,58.16094251171972 843,55 C 870.8895803678188,51.83905748828028 894.5698599328131,71.07289661978781 938,70 C 981.4301400671869,68.92710338021219 1044.6101406365658,47.54747100912904 1092,38 C 1139.3898593634342,28.45252899087096 1170.9895775209245,30.737219343696026 1211,33 C 1251.0104224790755,35.262780656303974 1299.4315492797357,37.50365161608685 1339,42 C 1378.5684507202643,46.49634838391315 1409.284225360132,53.24817419195658 1440,60 L 1440,400 L 0,400 Z");
            }
            75%{
              d: path("M 0,400 L 0,60 C 40.679830704701175,50.55924955873142 81.35966140940235,41.11849911746284 126,41 C 170.64033859059765,40.88150088253716 219.2411850670918,50.08525308888004 254,58 C 288.7588149329082,65.91474691111996 309.6755983222305,72.54048852701703 340,75 C 370.3244016777695,77.45951147298297 410.05642164398637,75.75279280305186 462,63 C 513.9435783560136,50.24720719694814 578.0987151018239,26.448340260775495 619,32 C 659.9012848981761,37.551659739224505 677.5487179487179,72.45384615384616 712,82 C 746.4512820512821,91.54615384615384 797.7064131033044,75.73627512383989 846,64 C 894.2935868966956,52.26372487616011 939.6256296380648,44.60105335079429 981,42 C 1022.3743703619352,39.39894664920571 1059.7910683444363,41.85951147298297 1099,45 C 1138.2089316555637,48.14048852701703 1179.2100969841904,51.960900757273805 1220,48 C 1260.7899030158096,44.039099242726195 1301.3685437188028,32.29688549792177 1338,33 C 1374.6314562811972,33.70311450207823 1407.3157281405986,46.85155725103911 1440,60 L 1440,400 L 0,400 Z");
            }
            100%{
              d: path("M 0,400 L 0,60 C 39.97766326937311,76.39641860729944 79.95532653874622,92.79283721459888 118,88 C 156.04467346125378,83.20716278540112 192.15635711438824,57.22506974890394 232,53 C 271.84364288561176,48.77493025109606 315.419245003701,66.30688378978535 352,75 C 388.580754996299,83.69311621021465 418.1666628708079,83.54739509195467 460,75 C 501.8333371291921,66.45260490804533 555.9141035130672,49.503535842395955 602,43 C 648.0858964869328,36.496464157604045 686.176923076923,40.43846153846154 719,40 C 751.823076923077,39.56153846153846 779.3782041792404,34.742618003757904 818,41 C 856.6217958207596,47.257381996242096 906.3102602061151,64.59106644650686 950,63 C 993.6897397938849,61.408933553493135 1031.380754996299,40.89311621021466 1069,30 C 1106.619245003701,19.106883789785346 1144.1667198086889,17.83646871263452 1186,33 C 1227.8332801913111,48.16353128736548 1273.952365768946,79.76100893924728 1317,87 C 1360.047634231054,94.23899106075272 1400.023817115527,77.11949553037635 1440,60 L 1440,400 L 0,400 Z");
            }
          }</style><path d="M 0,400 L 0,60 C 39.97766326937311,76.39641860729944 79.95532653874622,92.79283721459888 118,88 C 156.04467346125378,83.20716278540112 192.15635711438824,57.22506974890394 232,53 C 271.84364288561176,48.77493025109606 315.419245003701,66.30688378978535 352,75 C 388.580754996299,83.69311621021465 418.1666628708079,83.54739509195467 460,75 C 501.8333371291921,66.45260490804533 555.9141035130672,49.503535842395955 602,43 C 648.0858964869328,36.496464157604045 686.176923076923,40.43846153846154 719,40 C 751.823076923077,39.56153846153846 779.3782041792404,34.742618003757904 818,41 C 856.6217958207596,47.257381996242096 906.3102602061151,64.59106644650686 950,63 C 993.6897397938849,61.408933553493135 1031.380754996299,40.89311621021466 1069,30 C 1106.619245003701,19.106883789785346 1144.1667198086889,17.83646871263452 1186,33 C 1227.8332801913111,48.16353128736548 1273.952365768946,79.76100893924728 1317,87 C 1360.047634231054,94.23899106075272 1400.023817115527,77.11949553037635 1440,60 L 1440,400 L 0,400 Z" stroke="none" stroke-width="0" fill="#0b2239" fill-opacity="0.265" class="transition-all duration-300 ease-in-out delay-150 path-0"></path><style>
          .path-1{
            animation:pathAnim-1 4s;
            animation-timing-function: linear;
            animation-iteration-count: infinite;
          }
          @keyframes pathAnim-1{
            0%{
              d: path("M 0,400 L 0,140 C 39.97136119493632,133.87426597582038 79.94272238987264,127.74853195164077 122,121 C 164.05727761012736,114.25146804835923 208.20047163544575,106.88013816925732 247,119 C 285.79952836455425,131.11986183074268 319.2553910683444,162.7309153713299 361,162 C 402.7446089316556,161.2690846286701 452.7779640911765,128.19620034542314 488,122 C 523.2220359088235,115.80379965457686 543.6327525669494,136.48428324697755 578,136 C 612.3672474330506,135.51571675302245 660.6910256410257,113.86666666666667 709,110 C 757.3089743589743,106.13333333333333 805.603144868948,120.04905008635578 843,129 C 880.396855131052,137.95094991364422 906.8963948831824,141.9371329879102 949,139 C 991.1036051168176,136.0628670120898 1048.8112755983223,126.20241796200344 1086,135 C 1123.1887244016777,143.79758203799656 1139.8585027235288,171.253195164076 1177,166 C 1214.1414972764712,160.746804835924 1271.754713507563,122.78480138169257 1319,113 C 1366.245286492437,103.21519861830743 1403.1226432462186,121.60759930915371 1440,140 L 1440,400 L 0,400 Z");
            }
            25%{
              d: path("M 0,400 L 0,140 C 47.275498680939094,140.7709493442654 94.55099736187819,141.5418986885308 127,140 C 159.4490026381218,138.4581013114692 177.07150923342635,134.60335459014215 221,130 C 264.92849076657365,125.39664540985785 335.1629657044164,120.04468295090057 378,117 C 420.8370342955836,113.95531704909943 436.27662794890773,113.21791360625556 466,117 C 495.72337205109227,120.78208639374444 539.7305224999525,129.08366262407716 591,134 C 642.2694775000475,138.91633737592284 700.8012820512821,140.4474358974359 737,139 C 773.1987179487179,137.5525641025641 787.0643492949192,133.12659378617928 824,131 C 860.9356507050808,128.87340621382072 920.9413207690409,129.04618895784697 961,126 C 1001.0586792309591,122.95381104215303 1021.1703676289171,116.68865038243277 1065,111 C 1108.8296323710829,105.31134961756723 1176.3772087152915,100.19920951242193 1218,111 C 1259.6227912847085,121.80079048757807 1275.320797509917,148.51451156787945 1308,156 C 1340.679202490083,163.48548843212055 1390.3396012450416,151.74274421606026 1440,140 L 1440,400 L 0,400 Z");
            }
            50%{
              d: path("M 0,400 L 0,140 C 44.954222892823935,129.39714076942056 89.90844578564787,118.79428153884112 125,120 C 160.09155421435213,121.20571846115888 185.32043975023248,134.22001461405608 226,135 C 266.6795602497675,135.77998538594392 322.80979521342215,124.3256600049346 365,130 C 407.19020478657785,135.6743399950654 435.44037939607887,158.47734536620547 470,161 C 504.55962060392113,163.52265463379453 545.4286872022624,145.76495853024352 585,142 C 624.5713127977376,138.23504146975648 662.8448717948717,148.46282051282049 702,143 C 741.1551282051283,137.53717948717951 781.1918256182505,116.38375941847447 825,118 C 868.8081743817495,119.61624058152553 916.3878257321262,144.0021418132817 965,142 C 1013.6121742678738,139.9978581867183 1063.2568714532447,111.6076733283987 1097,115 C 1130.7431285467553,118.3923266716013 1148.5846884548955,153.56716487312343 1180,155 C 1211.4153115451045,156.43283512687657 1256.4043747271728,124.1236671791076 1302,116 C 1347.5956252728272,107.8763328208924 1393.7978126364137,123.9381664104462 1440,140 L 1440,400 L 0,400 Z");
            }
            75%{
              d: path("M 0,400 L 0,140 C 40.922456300176506,141.84676308147812 81.84491260035301,143.6935261629562 122,150 C 162.155087399647,156.3064738370438 201.5428058987644,167.07265842965325 245,167 C 288.4571941012356,166.92734157034675 335.9838638045892,156.0158401184308 370,154 C 404.0161361954108,151.9841598815692 424.5217388828788,158.86398109662358 459,150 C 493.4782611171212,141.13601890337642 541.9291806638957,116.52823549507485 585,113 C 628.0708193361043,109.47176450492515 665.7615384615384,127.02307692307693 711,141 C 756.2384615384616,154.97692307692307 809.0246654899505,165.37945681261743 846,167 C 882.9753345100495,168.62054318738257 904.1397995786597,161.45909582645334 940,149 C 975.8602004213403,136.54090417354666 1026.416136195411,118.78415988156921 1073,117 C 1119.583863804589,115.21584011843079 1162.195655639697,129.40426464726983 1201,132 C 1239.804344360303,134.59573535273017 1274.8012412458008,125.59878152935148 1314,125 C 1353.1987587541992,124.40121847064852 1396.5993793770995,132.20060923532427 1440,140 L 1440,400 L 0,400 Z");
            }
            100%{
              d: path("M 0,400 L 0,140 C 39.97136119493632,133.87426597582038 79.94272238987264,127.74853195164077 122,121 C 164.05727761012736,114.25146804835923 208.20047163544575,106.88013816925732 247,119 C 285.79952836455425,131.11986183074268 319.2553910683444,162.7309153713299 361,162 C 402.7446089316556,161.2690846286701 452.7779640911765,128.19620034542314 488,122 C 523.2220359088235,115.80379965457686 543.6327525669494,136.48428324697755 578,136 C 612.3672474330506,135.51571675302245 660.6910256410257,113.86666666666667 709,110 C 757.3089743589743,106.13333333333333 805.603144868948,120.04905008635578 843,129 C 880.396855131052,137.95094991364422 906.8963948831824,141.9371329879102 949,139 C 991.1036051168176,136.0628670120898 1048.8112755983223,126.20241796200344 1086,135 C 1123.1887244016777,143.79758203799656 1139.8585027235288,171.253195164076 1177,166 C 1214.1414972764712,160.746804835924 1271.754713507563,122.78480138169257 1319,113 C 1366.245286492437,103.21519861830743 1403.1226432462186,121.60759930915371 1440,140 L 1440,400 L 0,400 Z");
            }
          }</style><path d="M 0,400 L 0,140 C 39.97136119493632,133.87426597582038 79.94272238987264,127.74853195164077 122,121 C 164.05727761012736,114.25146804835923 208.20047163544575,106.88013816925732 247,119 C 285.79952836455425,131.11986183074268 319.2553910683444,162.7309153713299 361,162 C 402.7446089316556,161.2690846286701 452.7779640911765,128.19620034542314 488,122 C 523.2220359088235,115.80379965457686 543.6327525669494,136.48428324697755 578,136 C 612.3672474330506,135.51571675302245 660.6910256410257,113.86666666666667 709,110 C 757.3089743589743,106.13333333333333 805.603144868948,120.04905008635578 843,129 C 880.396855131052,137.95094991364422 906.8963948831824,141.9371329879102 949,139 C 991.1036051168176,136.0628670120898 1048.8112755983223,126.20241796200344 1086,135 C 1123.1887244016777,143.79758203799656 1139.8585027235288,171.253195164076 1177,166 C 1214.1414972764712,160.746804835924 1271.754713507563,122.78480138169257 1319,113 C 1366.245286492437,103.21519861830743 1403.1226432462186,121.60759930915371 1440,140 L 1440,400 L 0,400 Z" stroke="none" stroke-width="0" fill="#0b2239" fill-opacity="0.4" class="transition-all duration-300 ease-in-out delay-150 path-1"></path><style>
          .path-2{
            animation:pathAnim-2 4s;
            animation-timing-function: linear;
            animation-iteration-count: infinite;
          }
          @keyframes pathAnim-2{
            0%{
              d: path("M 0,400 L 0,220 C 36.77207766326937,206.4879073430887 73.54415532653874,192.97581468617736 109,199 C 144.45584467346126,205.02418531382264 178.59545635711441,230.5846485983792 223,239 C 267.4045436428856,247.4153514016208 322.07401924500374,238.68559092030594 372,239 C 421.92598075499626,239.31440907969406 467.1084666628708,248.67298772039706 499,244 C 530.8915333371292,239.32701227960294 549.4921141035131,220.62245819810587 582,218 C 614.5078858964869,215.37754180189413 660.9230769230768,228.8371794871795 702,224 C 743.0769230769232,219.1628205128205 778.8155782041792,196.0288238531762 822,198 C 865.1844217958208,199.9711761468238 915.8146102602062,227.04752510011573 966,235 C 1016.1853897397938,242.95247489988427 1065.9259807549963,231.78107574636076 1100,226 C 1134.0740192450037,220.21892425363924 1152.4814667198086,219.82817191444133 1188,218 C 1223.5185332801914,216.17182808555867 1276.148152365769,212.9062365958739 1321,213 C 1365.851847634231,213.0937634041261 1402.9259238171155,216.54688170206305 1440,220 L 1440,400 L 0,400 Z");
            }
            25%{
              d: path("M 0,400 L 0,220 C 30.103727533261207,229.17598455085502 60.207455066522414,238.35196910171004 98,234 C 135.7925449334776,229.64803089828996 181.27390726717152,211.76810814401486 226,217 C 270.7260927328285,222.23189185598514 314.6969158647915,250.57559832223043 354,247 C 393.3030841352085,243.42440167776957 427.93842927366245,207.92949856706332 470,198 C 512.0615707263375,188.07050143293668 561.5493670405586,203.70640740951623 603,206 C 644.4506329594414,208.29359259048377 677.8641025641026,197.24487179487178 717,198 C 756.1358974358974,198.75512820512822 800.9942227030309,211.3141054109966 845,214 C 889.0057772969691,216.6858945890034 932.1590066237735,209.49870656114183 970,217 C 1007.8409933762265,224.50129343885817 1040.3697508018752,246.69106834443625 1074,249 C 1107.6302491981248,251.30893165556375 1142.361990168726,233.73702006111333 1185,224 C 1227.638009831274,214.26297993888667 1278.1822885232214,212.36085141111047 1322,213 C 1365.8177114767786,213.63914858888953 1402.9088557383893,216.81957429444475 1440,220 L 1440,400 L 0,400 Z");
            }
            50%{
              d: path("M 0,400 L 0,220 C 26.930052762436176,232.0587674846742 53.86010552487235,244.11753496934844 98,249 C 142.13989447512765,253.88246503065156 203.48963066294675,251.58862760728047 245,240 C 286.51036933705325,228.41137239271953 308.1813718233407,207.52795460152976 342,202 C 375.8186281766593,196.47204539847024 421.78488204369035,206.29955398660064 468,213 C 514.2151179563097,219.70044601339936 560.679100001898,223.2738294520678 599,229 C 637.320899998102,234.7261705479322 667.4987179487181,242.6051282051282 711,240 C 754.5012820512819,237.3948717948718 811.3260282032303,224.30565772741937 855,215 C 898.6739717967697,205.69434227258063 929.197169238361,200.17224088519427 965,204 C 1000.802830761639,207.82775911480573 1041.8852948433257,221.00537873180357 1085,221 C 1128.1147051566743,220.99462126819643 1173.2616513883356,207.80624418759135 1209,201 C 1244.7383486116644,194.19375581240865 1271.0680996033327,193.76964451783104 1308,198 C 1344.9319003966673,202.23035548216896 1392.4659501983338,211.1151777410845 1440,220 L 1440,400 L 0,400 Z");
            }
            75%{
              d: path("M 0,400 L 0,220 C 52.09152384748241,235.58870257549015 104.18304769496481,251.1774051509803 136,242 C 167.8169523050352,232.8225948490197 179.3593330676232,198.879081971569 222,200 C 264.6406669323768,201.120918028431 338.3796200345423,237.30626696274365 380,239 C 421.6203799654577,240.69373303725635 431.1221867942076,207.89585017745637 467,198 C 502.8778132057924,188.10414982254363 565.1316327886276,201.11033232743077 608,212 C 650.8683672113724,222.88966767256923 674.351282051282,231.6628205128205 710,228 C 745.648717948718,224.3371794871795 793.4632390062442,208.23838562128714 841,213 C 888.5367609937558,217.76161437871286 935.7957619237411,243.38363700203078 973,246 C 1010.2042380762589,248.61636299796922 1037.353713298791,228.2270663705897 1070,226 C 1102.646286701209,223.7729336294103 1140.7893848810947,239.7080975156105 1189,242 C 1237.2106151189053,244.2919024843895 1295.4887471768302,232.94054356696844 1339,227 C 1382.5112528231698,221.05945643303156 1411.255626411585,220.52972821651576 1440,220 L 1440,400 L 0,400 Z");
            }
            100%{
              d: path("M 0,400 L 0,220 C 36.77207766326937,206.4879073430887 73.54415532653874,192.97581468617736 109,199 C 144.45584467346126,205.02418531382264 178.59545635711441,230.5846485983792 223,239 C 267.4045436428856,247.4153514016208 322.07401924500374,238.68559092030594 372,239 C 421.92598075499626,239.31440907969406 467.1084666628708,248.67298772039706 499,244 C 530.8915333371292,239.32701227960294 549.4921141035131,220.62245819810587 582,218 C 614.5078858964869,215.37754180189413 660.9230769230768,228.8371794871795 702,224 C 743.0769230769232,219.1628205128205 778.8155782041792,196.0288238531762 822,198 C 865.1844217958208,199.9711761468238 915.8146102602062,227.04752510011573 966,235 C 1016.1853897397938,242.95247489988427 1065.9259807549963,231.78107574636076 1100,226 C 1134.0740192450037,220.21892425363924 1152.4814667198086,219.82817191444133 1188,218 C 1223.5185332801914,216.17182808555867 1276.148152365769,212.9062365958739 1321,213 C 1365.851847634231,213.0937634041261 1402.9259238171155,216.54688170206305 1440,220 L 1440,400 L 0,400 Z");
            }
          }</style><path d="M 0,400 L 0,220 C 36.77207766326937,206.4879073430887 73.54415532653874,192.97581468617736 109,199 C 144.45584467346126,205.02418531382264 178.59545635711441,230.5846485983792 223,239 C 267.4045436428856,247.4153514016208 322.07401924500374,238.68559092030594 372,239 C 421.92598075499626,239.31440907969406 467.1084666628708,248.67298772039706 499,244 C 530.8915333371292,239.32701227960294 549.4921141035131,220.62245819810587 582,218 C 614.5078858964869,215.37754180189413 660.9230769230768,228.8371794871795 702,224 C 743.0769230769232,219.1628205128205 778.8155782041792,196.0288238531762 822,198 C 865.1844217958208,199.9711761468238 915.8146102602062,227.04752510011573 966,235 C 1016.1853897397938,242.95247489988427 1065.9259807549963,231.78107574636076 1100,226 C 1134.0740192450037,220.21892425363924 1152.4814667198086,219.82817191444133 1188,218 C 1223.5185332801914,216.17182808555867 1276.148152365769,212.9062365958739 1321,213 C 1365.851847634231,213.0937634041261 1402.9259238171155,216.54688170206305 1440,220 L 1440,400 L 0,400 Z" stroke="none" stroke-width="0" fill="#0b2239" fill-opacity="0.53" class="transition-all duration-300 ease-in-out delay-150 path-2"></path><style>
          .path-3{
            animation:pathAnim-3 4s;
            animation-timing-function: linear;
            animation-iteration-count: infinite;
          }
          @keyframes pathAnim-3{
            0%{
              d: path("M 0,400 L 0,300 C 47.78379547913225,302.65882916737837 95.5675909582645,305.3176583347568 137,298 C 178.4324090417355,290.6823416652432 213.5134316460742,273.38819582835123 251,280 C 288.4865683539258,286.61180417164877 328.3786824574389,317.12955835183817 371,327 C 413.6213175425611,336.87044164816183 458.97183852417015,326.09357076429615 497,310 C 535.0281614758298,293.90642923570385 565.7339634458805,272.49615859097725 601,273 C 636.2660365541195,273.50384140902275 676.0923076923076,295.9217948717949 711,295 C 745.9076923076924,294.0782051282051 775.8968057848888,269.81666192184326 819,270 C 862.1031942151112,270.18333807815674 918.3204691681375,294.811557440832 961,310 C 1003.6795308318625,325.188442559168 1032.8213175425612,330.9371083148285 1070,328 C 1107.1786824574388,325.0628916851715 1152.394260661618,313.4400092998539 1193,310 C 1233.605739338382,306.5599907001461 1269.6016398109664,311.30285448575603 1310,311 C 1350.3983601890336,310.69714551424397 1395.1991800945168,305.348572757122 1440,300 L 1440,400 L 0,400 Z");
            }
            25%{
              d: path("M 0,400 L 0,300 C 50.10249577710718,289.08184440775113 100.20499155421436,278.16368881550227 136,286 C 171.79500844578564,293.83631118449773 193.28252956024977,320.427089145742 226,325 C 258.71747043975023,329.572910854258 302.66489020478656,312.1279546015297 342,304 C 381.33510979521344,295.8720453984703 416.05790962060394,297.0610924481391 463,296 C 509.94209037939606,294.9389075518609 569.1034713127978,291.62767560591396 607,294 C 644.8965286872022,296.37232439408604 661.5282051282051,304.42820512820515 702,310 C 742.4717948717949,315.57179487179485 806.7837081743818,318.6595038812655 856,322 C 905.2162918256182,325.3404961187345 939.3369621742677,328.9337793467327 976,322 C 1012.6630378257323,315.0662206532673 1051.868443128547,297.60537873180357 1091,291 C 1130.131556871453,284.39462126819643 1169.1892653115451,288.6447057260529 1202,297 C 1234.8107346884549,305.3552942739471 1261.3744956252729,317.81579836398487 1300,319 C 1338.6255043747271,320.18420163601513 1389.3127521873635,310.09210081800757 1440,300 L 1440,400 L 0,400 Z");
            }
            50%{
              d: path("M 0,400 L 0,300 C 30.89738750023723,306.83539733151133 61.79477500047446,313.6707946630226 107,320 C 152.20522499952554,326.3292053369774 211.71828749833935,332.1522186794208 249,319 C 286.28171250166065,305.8477813205792 301.3320750061683,273.7203306192943 343,275 C 384.6679249938317,276.2796693807057 452.9534124769875,310.9664588434018 495,323 C 537.0465875230125,335.0335411565982 552.8542750858813,324.4138340070983 590,314 C 627.1457249141187,303.5861659929017 685.6294871794872,293.3782051282051 734,288 C 782.3705128205128,282.6217948717949 820.62777619617,282.07334548008123 859,290 C 897.37222380383,297.92665451991877 935.859408035833,314.32841295147 976,318 C 1016.140591964167,321.67158704853 1057.9345916604984,312.61300271403894 1095,314 C 1132.0654083395016,315.38699728596106 1164.4022253221733,327.2195761923741 1200,319 C 1235.5977746778267,310.7804238076259 1274.4565070508077,282.5086925164646 1315,276 C 1355.5434929491923,269.4913074835354 1397.771746474596,284.7456537417677 1440,300 L 1440,400 L 0,400 Z");
            }
            75%{
              d: path("M 0,400 L 0,300 C 47.49362200838884,288.2541355880734 94.98724401677768,276.5082711761468 138,279 C 181.01275598322232,281.4917288238532 219.54464594127802,298.2210508834861 254,299 C 288.455354058722,299.7789491165139 318.8341722181101,284.6075252899087 358,277 C 397.1658277818899,269.3924747100913 445.11866518628176,269.348847956879 490,281 C 534.8813348137182,292.651152043121 576.6911670367629,315.99708288257517 613,324 C 649.3088329632371,332.00291711742483 680.1166666666666,324.6628205128205 714,317 C 747.8833333333334,309.3371794871795 784.8421662965706,301.3516350661429 832,307 C 879.1578337034294,312.6483649338571 936.5146681470515,331.9306392226081 979,323 C 1021.4853318529485,314.0693607773919 1049.0991611152233,276.92580804342464 1088,270 C 1126.9008388847767,263.07419195657536 1177.0886873920551,286.36612860369337 1213,302 C 1248.9113126079449,317.63387139630663 1270.5460893165557,325.6096775418019 1306,324 C 1341.4539106834443,322.3903224581981 1390.7269553417223,311.1951612290991 1440,300 L 1440,400 L 0,400 Z");
            }
            100%{
              d: path("M 0,400 L 0,300 C 47.78379547913225,302.65882916737837 95.5675909582645,305.3176583347568 137,298 C 178.4324090417355,290.6823416652432 213.5134316460742,273.38819582835123 251,280 C 288.4865683539258,286.61180417164877 328.3786824574389,317.12955835183817 371,327 C 413.6213175425611,336.87044164816183 458.97183852417015,326.09357076429615 497,310 C 535.0281614758298,293.90642923570385 565.7339634458805,272.49615859097725 601,273 C 636.2660365541195,273.50384140902275 676.0923076923076,295.9217948717949 711,295 C 745.9076923076924,294.0782051282051 775.8968057848888,269.81666192184326 819,270 C 862.1031942151112,270.18333807815674 918.3204691681375,294.811557440832 961,310 C 1003.6795308318625,325.188442559168 1032.8213175425612,330.9371083148285 1070,328 C 1107.1786824574388,325.0628916851715 1152.394260661618,313.4400092998539 1193,310 C 1233.605739338382,306.5599907001461 1269.6016398109664,311.30285448575603 1310,311 C 1350.3983601890336,310.69714551424397 1395.1991800945168,305.348572757122 1440,300 L 1440,400 L 0,400 Z");
            }
          }</style><path d="M 0,400 L 0,300 C 47.78379547913225,302.65882916737837 95.5675909582645,305.3176583347568 137,298 C 178.4324090417355,290.6823416652432 213.5134316460742,273.38819582835123 251,280 C 288.4865683539258,286.61180417164877 328.3786824574389,317.12955835183817 371,327 C 413.6213175425611,336.87044164816183 458.97183852417015,326.09357076429615 497,310 C 535.0281614758298,293.90642923570385 565.7339634458805,272.49615859097725 601,273 C 636.2660365541195,273.50384140902275 676.0923076923076,295.9217948717949 711,295 C 745.9076923076924,294.0782051282051 775.8968057848888,269.81666192184326 819,270 C 862.1031942151112,270.18333807815674 918.3204691681375,294.811557440832 961,310 C 1003.6795308318625,325.188442559168 1032.8213175425612,330.9371083148285 1070,328 C 1107.1786824574388,325.0628916851715 1152.394260661618,313.4400092998539 1193,310 C 1233.605739338382,306.5599907001461 1269.6016398109664,311.30285448575603 1310,311 C 1350.3983601890336,310.69714551424397 1395.1991800945168,305.348572757122 1440,300 L 1440,400 L 0,400 Z" stroke="none" stroke-width="0" fill="#0b2239" fill-opacity="1" class="transition-all duration-300 ease-in-out delay-150 path-3"></path></svg>